00000000000000000000000000000000
00111110010001111100010111000010
00111110110000111110111100010101
00111111000011100011100111011010
00111111001101010000010011110011
00111111010101001101101100110001
00111111011011001000001101011110
00111111011110110001010010111110
00111111100000000000000000000000
00111111011110110001010010111110
00111111011011001000001101011110
00111111010101001101101100110001
00111111001101010000010011110011
00111111000011100011100111011010
00111110110000111110111100010101
00111110010001111100010111000010
00000000000000000000000000000000
00111110110000111110111100010101
00111111001101010000010011110011
00111111011011001000001101011110
00111111100000000000000000000000
00111111011011001000001101011110
00111111001101010000010011110011
00111110110000111110111100010101
00100101000011010011000100110010
10111110110000111110111100010101
10111111001101010000010011110011
10111111011011001000001101011110
10111111100000000000000000000000
10111111011011001000001101011110
10111111001101010000010011110011
10111110110000111110111100010101
00000000000000000000000000000000
00111111000011100011100111011010
00111111011011001000001101011110
00111111011110110001010010111110
00111111001101010000010011110011
00111110010001111100010111000010
10111110110000111110111100010101
10111111010101001101101100110001
10111111100000000000000000000000
10111111010101001101101100110001
10111110110000111110111100010101
00111110010001111100010111000010
00111111001101010000010011110011
00111111011110110001010010111110
00111111011011001000001101011110
00111111000011100011100111011010
00000000000000000000000000000000
00111111001101010000010011110011
00111111100000000000000000000000
00111111001101010000010011110011
00100101000011010011000100110010
10111111001101010000010011110011
10111111100000000000000000000000
10111111001101010000010011110011
10100101100011010011000100110010
00111111001101010000010011110011
00111111100000000000000000000000
00111111001101010000010011110011
00100101110100111100100111001010
10111111001101010000010011110011
10111111100000000000000000000000
10111111001101010000010011110011
00000000000000000000000000000000
00111111010101001101101100110001
00111111011011001000001101011110
00111110010001111100010111000010
10111111001101010000010011110011
10111111011110110001010010111110
10111110110000111110111100010101
00111111000011100011100111011010
00111111100000000000000000000000
00111111000011100011100111011010
10111110110000111110111100010101
10111111011110110001010010111110
10111111001101010000010011110011
00111110010001111100010111000010
00111111011011001000001101011110
00111111010101001101101100110001
00000000000000000000000000000000
00111111011011001000001101011110
00111111001101010000010011110011
10111110110000111110111100010101
10111111100000000000000000000000
10111110110000111110111100010101
00111111001101010000010011110011
00111111011011001000001101011110
00100101110100111100100111001010
10111111011011001000001101011110
10111111001101010000010011110011
00111110110000111110111100010101
00111111100000000000000000000000
00111110110000111110111100010101
10111111001101010000010011110011
10111111011011001000001101011110
00000000000000000000000000000000
00111111011110110001010010111110
00111110110000111110111100010101
10111111010101001101101100110001
10111111001101010000010011110011
00111111000011100011100111011010
00111111011011001000001101011110
10111110010001111100010111000010
10111111100000000000000000000000
10111110010001111100010111000010
00111111011011001000001101011110
00111111000011100011100111011010
10111111001101010000010011110011
10111111010101001101101100110001
00111110110000111110111100010101
00111111011110110001010010111110
00000000000000000000000000000000
00111111100000000000000000000000
00100101000011010011000100110010
10111111100000000000000000000000
10100101100011010011000100110010
00111111100000000000000000000000
00100101110100111100100111001010
10111111100000000000000000000000
10100110000011010011000100110010
00111111100000000000000000000000
00100110001100000111110101111110
10111111100000000000000000000000
10100110010100111100100111001010
00111111100000000000000000000000
00100110011101110001011000010111
10111111100000000000000000000000
