01000001001000100111001101100010
00000010000000000000000000000000
10111101110010011011011000111111
00000000000000000000000000000000
10111110010010111010111110111111
00000001000000000000000000000000
10111110010010111010111110111111
00000000000000000000000000000000
10111111001101100111110100000100
00000001001000000000000000000000
10111101111011001011011001011011
00000000110000000000000000000001
10111101111011001011011001011011
00100011101010001010100001011111
10111111001101100111110100000100
10100011101010001010100001011111
11000000010110110110100101011101
00000001011000000000000000000000
10111101110100011100010110011111
00000001001000000000000000000000
10111110000100101000010010011000
00100010110011101101000100100001
10111110101001110000000101101011
10100010110011101101000100100001
10111110101001110000000101101011
00100100010110000010000010101011
10111110000100101000010010011000
00100100010110000010000010101011
10111101110100011100010110101111
00100100011111010111010111011011
11000000010110110110100101011101
10100101001010110110110111001011
00100101000011010011000100110010
00000010000000000000000000000000
00100101000011010011000100110010
00000000000000000000000000000000
00100101000011010011000100110010
00000001000000000000000000000000
00100101000011010011000100110010
00000000000000000000000000000000
00100101000011010011000100110010
00000001100000000000000000000000
00100101000011010011000100110010
00000000000000000000000000000000
00100101000011010011000100110010
00000001000000000000000000000000
00100101000011010011000100110010
00000000000000000000000000000000
00000001000000000000000000000000
11000000111111111111111111111111
00000000000000000000000000000000
00000000000000000000000000000000
00000000100000000000000000000000
00000001000000000000000000000000
00000000000000000000000000000000
00000000000000000000000000000000
10100101000011010011000100110101
00000000110000000000000000000000
10100101000011010011000100110101
10000000000000000000000000000001
10100101000011010011000100110011
00000000000000000000000000000000
10100110001100000111110101111101
01000000111111111111111111111111
01000000010100101111101011010000
00000010000000000000000000000000
10111110100110110101000001001011
00000000000000000000000000000000
10111111001010110000110111000011
00000001000000000000000000000000
10111111001010110000110111000011
00000000000000000000000000000000
11000000100011101111010001100100
00000001001000000000000000000000
10111110101110001110000101001111
00000000110000000000000000000001
10111110101110001110000101001111
00100101000100001111000100110101
11000000100011101111010001100100
10100101000100001111000100110101
01000000110000000110001001110101
00000001011000000000000000000000
10111110101000100000110001111111
00000001001000000000000000000000
10111110111010100100011110110001
00100011110111000101110010100101
10111111100111100111010011001111
10100011110111000101110010100101
10111111100111100111010011001100
10100101000000100111000111001110
10111110111010100100011110111101
10100101000000100111000111001110
10111110101000100000110001111111
10100100101110011110000100110011
01000000110000000110001001110101
00100101101100001110101000011010
00100101100011010011000100110001
00000010000000000000000000000000
00100101100011010011000100110001
00000000000000000000000000000000
00100101100011010011000100110001
00000001000000000000000000000000
00100101100011010011000100110001
00000000000000000000000000000000
10100110000011010011000100110001
11000000111111111111111111111111
10100110000011010011000100110001
10000000000000000000000000000001
10100110010100111100100111001011
00000000000000000000000000000001
10100110101100000111110101111101
01000000111111111111111111111111
00100101100011010011000100110010
00100101100011010011000100110001
00100101100011010011000100110010
00100101100011010011000100110001
00100101100011010011000100110010
00100101100011010011000100110001
00100101100011010011000100110010
00100101100011010011000100110001
00100101100011010011000100110010
10100101100011010011000100110001
00100101100011010011000100110010
10100101100011010011000100110001
00100101100011010011000100110010
10100101100011010011000100110001
00100101100011010011000100110010
10100101100011010011000100110001
00111111111011110111100010011110
00000010000000000000000000000000
10111111000010001101010110111001
00000000000000000000000000000000
10111111101111111001000011000111
00000001000000000000000000000000
10111111101111111001000011000111
00000000000000000000000000000000
01000000101011111001010011100010
00000001001000000000000000000000
10111111001010001001001101001111
00000000110000000000000000000001
10111111001010001001001101001111
10100101010110001110101111011111
01000000101011111001010011100010
00100101010110001110101111011111
01000000000100000111101101100001
00000001011000000000000000000000
10111111000011111110000000010011
00000001001000000000000000000000
10111111011000101101110100111111
00100101000010100111101010101101
11000000100110011110011000000110
10100101000010100111101010101101
11000000100110011110011000000110
10100101000000100111000111001110
10111111011000101101110100111111
10100101000000100111000111001110
10111111000011111110000000010011
00100011111101110101110010010111
01000000000100000111101101100001
00100101011001011111100000001010
00100101110100111100100111001010
00000010000000000000000000000000
00100101110100111100100111001010
00000000000000000000000000000000
00100101110100111100100111001010
00000001000000000000000000000000
00100101110100111100100111001010
00000000000000000000000000000000
00100101110100111100100111001010
00000001100000000000000000000000
00100101110100111100100111001010
00000000000000000000000000000000
00100101110100111100100111001010
00000001000000000000000000000000
00100101110100111100100111001010
00000000000000000000000000000000
10100110000011010011000100110001
00000000110000000000000000000000
10100110000011010011000100110001
10000000000000000000000000000001
10100101100011010011000100110011
00000000000000000000000000000000
10100110010100111100100111001001
01000000111111111111111111111111
10100101000011010011000100110011
11000000111111111111111111111111
10100101000011010011000100110011
00000000000000000000000000000000
10100101110100111100100111001001
00000001000000000000000000000000
10100101110100111100100111001001
00000000000000000000000000000000
00111111100110111111011111101110
00000010000000000000000000000000
10111111010100100001100000000001
00000000000000000000000000000000
11000000101000001101111111110110
00000001000000000000000000000000
11000000101000001101111111110110
00000000000000000000000000000000
00111111111101010011000000111100
00000001001000000000000000000000
10111111100010110010011001010110
00000000110000000000000000000001
10111111100010110010011001010110
10100100110100111111100110001010
00111111111101010011000000111100
00100100110100111111100110001010
00111111101011000100001001010001
00000001011000000000000000000000
10111111011000000110001011001011
00000001001000000000000000000000
10111111110110010100100001111101
10100101011101000111011101110001
01000000101001110100110111100100
00100101011101000111011101110001
01000000101001110100110111100100
00100100010110000010000010101011
10111111110110010100100001111111
00100100010110000010000010101011
10111111011000000110001011000111
10100101000001000111100101011100
00111111101011000100001001001111
00100011110000110100100000111011
00100110000011010011000100110011
00000010000000000000000000000000
00100110000011010011000100110011
00000000000000000000000000000000
10100111010100111100100111001010
11000001000000000000000000000000
10100111100011010011000100110001
01000001000000000000000000000000
00100110000011010011000100110001
00100110000011010011000100110011
00100110000011010011000100110001
00100110000011010011000100110011
00100110000011010011000100110001
10100110000011010011000100110011
00100110000011010011000100110001
10100110000011010011000100110011
00100110000011010011000100110010
00100101011010011110111101010111
00100110000011010011000100110010
00100101011010011110111101010111
00100110000011010011000100110010
10100110101010100110111100011011
00100110000011010011000100110010
10100110101010100110111100011011
00100110000011010011000100110010
00100110101010100110111100011011
00100110000011010011000100110010
00100110101010100110111100011011
00100110000011010011000100110010
10100101011010011110111101010111
00100110000011010011000100110010
10100101011010011110111101010111
